              precision    recall  f1-score   support

        SOC1       0.93      0.91      0.92        58
       SOC11       1.00      1.00      1.00         6
       SOC12       1.00      1.00      1.00         3
       SOC13       1.00      1.00      1.00         2
       SOC15       1.00      1.00      1.00         2
       SOC17       0.67      0.91      0.77        11
       SOC19       1.00      1.00      1.00         2
        SOC2       1.00      0.80      0.89         5
       SOC20       0.90      1.00      0.95         9
       SOC21       0.83      0.62      0.71         8
       SOC22       0.78      0.94      0.85        52
       SOC24       1.00      0.67      0.80         3
       SOC25       1.00      1.00      1.00         3
       SOC26       1.00      0.67      0.80         3
       SOC27       1.00      1.00      1.00         2
        SOC3       1.00      1.00      1.00         3
       SOC30       0.50      0.40      0.44         5
      SOC31b       1.00      1.00      1.00         4
       SOC33       1.00      0.50      0.67         2
       SOC37       1.00      1.00      1.00         4
       SOC38       1.00      1.00      1.00         2
        SOC4       0.67      0.40      0.50         5
      SOC40b       0.50      0.50      0.50         2
       SOC41       1.00      0.67      0.80         6
        SOC5       1.00      1.00      1.00         3
       SOC51       1.00      0.33      0.50         3
       SOC52       1.00      0.50      0.67         4
        SOC7       1.00      1.00      1.00         5
        SOC8       1.00      1.00      1.00         4

    accuracy                           0.87       221
   macro avg       0.92      0.82      0.85       221
weighted avg       0.88      0.87      0.86       221
